13926
13927
13930
13931
13933
13935
13938
13939
13940
13941
13942
13943
13944
13945
13947
13948
13949
13950
13951
13953
13955
13960
13961
13962
13963
13964
13965
13966
13967
13970
13971
13972
13974
13975
13979
13981
13982
13983
13984
13985
13986
13987
13988
13989
13990
13991
13992
13993
13994
13996
13998
13999
14000
14001
14002
14003
14005
14006
14007
14008
14009
14010
14012
14013
14014
14015
14016
14018
14019
14021
14022
14023
14024
14026
14027
14028
14029
14030
14031
14032
14033
14034
14036
14037
14038
14039
14040
14041
14042
14043
14045
14046
14047
14050
14051
14052
14054
14055
14056
14057
14058
14059
14060
14062
14063
14064
